bins	0-1	1-2	2-3	3-4	4-5	5-7	7-10	10-17	17-150
0-1	0.0	0.0768743637136	0.103859943095	0.116126726255	0.120363029244	0.118870616146	0.114417833085	0.109065037248	0.106770933553
1-2	0.256701802658	0.396761726855	0.431102626866	0.438830244205	0.431702553817	0.411505122281	0.385152345468	0.363020563042	0.348088593134
2-3	0.464241001882	0.593904488641	0.62326964286	0.623019725496	0.606404404799	0.574082121965	0.535476964008	0.503545659998	0.48004367422
3-4	0.59682481235	0.705299774195	0.728516115832	0.723809820111	0.703856699567	0.667343511996	0.624182888761	0.587961831422	0.559773316283
4-5	0.684428348878	0.773477644741	0.791989989812	0.785787418305	0.76580002278	0.729397440732	0.686233523953	0.649220724868	0.618622458797
5-6	0.747822849859	0.820983012142	0.835828433405	0.829367068738	0.810754199644	0.776841351693	0.735995293694	0.700470969002	0.669231555834
6-7	0.794759544379	0.855415015276	0.867535650376	0.861414547951	0.844751938351	0.814255381595	0.776975668184	0.743700789599	0.713094899067
7-8	0.830916705444	0.881439815556	0.891538710527	0.885930885459	0.871221292826	0.844372458564	0.810744476185	0.780281800173	0.75114600846
8-9	0.859188297894	0.901670526713	0.910171545164	0.905283041815	0.892406332732	0.868841222798	0.838924015412	0.811365196284	0.783634482402
9-10	0.881917980051	0.917722667668	0.92493754247	0.920738816951	0.909524378353	0.888936256934	0.862647933306	0.837714907508	0.812007331815
10-11	0.900503773241	0.930745604066	0.936844150443	0.933192317401	0.923522172619	0.90554284505	0.882541617422	0.860263385508	0.836309638346
11-12	0.915670787222	0.941367735372	0.946505582815	0.943408607039	0.935161443561	0.919455260712	0.899338573162	0.879475461064	0.857626660187
12-13	0.928112570053	0.950088468023	0.954616519761	0.951878755053	0.944823888591	0.93114684568	0.913532220709	0.895813732876	0.875850641204
13-14	0.938564752059	0.95741634394	0.961267132226	0.958949232143	0.952897872329	0.941007769424	0.925639829767	0.909833430987	0.891709485069
14-15	0.947247051207	0.963605694987	0.966903422675	0.964907467575	0.959745090577	0.94935635101	0.935855906467	0.922043469769	0.905232879695
15-16	0.954663240739	0.968853116771	0.971684100053	0.96989699921	0.965527778627	0.956504813106	0.944592252614	0.932378002846	0.917031076649
16-17	0.96092864224	0.973271523869	0.975727235729	0.974175205284	0.970420394976	0.962589889211	0.952293529359	0.94131190536	0.927383362233
17-18	0.966308697675	0.977013783374	0.9791612121	0.977803248481	0.974545171694	0.967804486775	0.958770000477	0.948876984459	0.93629963242
18-19	0.970900924596	0.980198412959	0.982024644972	0.980904514796	0.978106014096	0.97231799857	0.964334889736	0.955664741497	0.943919530359
19-20	0.974797175633	0.982902637914	0.984518700463	0.983589662728	0.981119034589	0.976039849541	0.969111154688	0.96150553835	0.950768642086
20-21	0.97817104012	0.985238520169	0.986620734748	0.98587071269	0.983702020441	0.979309696147	0.973195253414	0.966516001228	0.956919538056
21-22	0.981077548708	0.987224817918	0.988441945177	0.987786907791	0.985922199288	0.982043495187	0.976657144523	0.970792109595	0.962109425253
22-23	0.983580634066	0.988955200319	0.989995877611	0.989390572179	0.987802906345	0.984425444972	0.979780372371	0.974548143188	0.966746237607
23-24	0.98572480628	0.990445624018	0.991330447998	0.990843274332	0.989427481658	0.986503010314	0.982379970639	0.977786334087	0.970725517642
24-25	0.987576021203	0.991732387336	0.99249478535	0.992065467407	0.990788146823	0.988269223902	0.984654155382	0.98061884434	0.974194605376
25-26	0.989159770975	0.992843992981	0.99350142464	0.993095333888	0.991977687091	0.989799419797	0.986611406433	0.983021679083	0.977314035456
26-27	0.990533514071	0.993779710115	0.994343087498	0.994020552076	0.993064996903	0.991123644531	0.988297302884	0.985132669289	0.980044223996
27-28	0.991721124082	0.994596300543	0.995088109748	0.99476935304	0.993959513405	0.992234495336	0.989770673564	0.986937864457	0.982346686664
28-29	0.992769943553	0.995294738717	0.995734469622	0.995451688196	0.994754577452	0.993257819284	0.991098827133	0.98861025083	0.984414944676
29-30	0.993686446679	0.995902187473	0.996263769012	0.996067911086	0.99542740943	0.994103476776	0.992234594532	0.990021483776	0.986234703852
30-31	0.994477107654	0.996422422813	0.996739895851	0.996608122546	0.996024124166	0.994848543701	0.993203945241	0.991279261181	0.987843348973
31-32	0.995131810549	0.996865189252	0.997159413129	0.997051110085	0.996534720853	0.995459054414	0.994057758251	0.992384141067	0.989207893467
32-33	0.995722985413	0.997262521886	0.997520096899	0.99741242953	0.996941975881	0.996031244911	0.99477536397	0.993292597863	0.990456984961
33-34	0.996244967326	0.997602361876	0.997829629889	0.997745112112	0.99731311689	0.996549874196	0.995451100523	0.994083870428	0.991518053001
34-35	0.996713941773	0.997901640319	0.998097110062	0.998023349297	0.997640921074	0.996983153911	0.996033558932	0.994765213024	0.992496654612
35-36	0.997124648471	0.998166934763	0.998329613613	0.998276485034	0.997940389642	0.997358082387	0.996503659577	0.995379593203	0.993368599643
36-37	0.997472636413	0.998390205982	0.998537047217	0.998487902869	0.998203744191	0.997690336077	0.996928711119	0.995919198683	0.994102001075
37-38	0.997768021527	0.998600078492	0.998721230465	0.998677047589	0.998438763123	0.9979655449	0.997300763715	0.996421416813	0.994769429365
38-39	0.998036295952	0.998773652681	0.998883174244	0.998826242115	0.998633223232	0.998201998051	0.997631477134	0.996858346586	0.995330201075
39-40	0.99825601392	0.998930539386	0.99902368726	0.998966598103	0.99880768173	0.998419291093	0.99793516109	0.997248960687	0.995861284871
40-41	0.99846682987	0.999067449833	0.999137108558	0.999092105347	0.998961027416	0.998611763087	0.998189026038	0.997587678915	0.996309902239
41-42	0.998650130495	0.999174152282	0.999245071076	0.999213016551	0.999080481483	0.998783768602	0.998393071978	0.997887335733	0.996731030797
42-43	0.998803892609	0.999278662214	0.999334635488	0.999301755475	0.999197713149	0.998940533121	0.998589168076	0.998121146173	0.997108177261
43-44	0.998945920246	0.999360272535	0.999412473634	0.999388726692	0.999302166008	0.999068557479	0.998765124574	0.998335983929	0.997467730887
44-45	0.999065288203	0.9994389595	0.99948687477	0.999454485417	0.999379950052	0.999182211756	0.998919351505	0.998527384839	0.997745917637
45-46	0.999170898497	0.999504978595	0.999550560526	0.999514941019	0.999452733692	0.999277141382	0.999033829227	0.998701487124	0.997988918711
46-47	0.999259514031	0.999565029174	0.999602115661	0.999574689538	0.999521628131	0.999366410066	0.999155196812	0.998835411958	0.998184639033
47-48	0.999340846096	0.999617405947	0.999651042495	0.99962383181	0.999569409758	0.999435212272	0.999249004945	0.998968220753	0.998390255327
48-49	0.999411252959	0.999662717945	0.999693701843	0.999666963877	0.999623302988	0.999504014478	0.999346523004	0.999099913507	0.998559586392
49-50	0.999481659822	0.999704862976	0.999729891526	0.999707267612	0.999676640618	0.999564978458	0.999426021422	0.999203705254	0.998703627753
50-51	0.999543164667	0.999742622975	0.999764261616	0.999742268223	0.999712199038	0.999622458782	0.999488030188	0.99930638096	0.998850967771
51-52	0.999592530398	0.999772709168	0.999792566396	0.999767369672	0.999748313059	0.999668617224	0.99953466926	0.9993822717	0.998971918532
52-53	0.999637040484	0.999800968264	0.999812986274	0.99979459237	0.999782204678	0.999710421096	0.999594558068	0.999454814319	0.999091769741
53-54	0.999679527384	0.999821918973	0.999835427921	0.99981757257	0.999806651091	0.999746999484	0.999639607172	0.999503920092	0.999197326768
54-55	0.999719181824	0.999844453166	0.999855443444	0.999840199228	0.999826097102	0.999775304188	0.99967988637	0.999559164086	0.999281992301
55-56	0.999747101786	0.999861871488	0.999867776241	0.999855401514	0.999846654314	0.999797947952	0.999711685737	0.999598783516	0.999353463205
56-57	0.999775426386	0.999876610068	0.999883748224	0.999874492756	0.999863322323	0.999827559028	0.999745605062	0.999643425128	0.9994205359
57-58	0.999794444332	0.999891348648	0.999896889729	0.999890048584	0.999878323532	0.999844106394	0.999776344451	0.999684718618	0.999465617547
58-59	0.999820745746	0.999903772906	0.999906998579	0.999902776079	0.999888879938	0.999861524674	0.999798074018	0.999718199827	0.999517296509
59-60	0.999836526595	0.99991461368	0.999916703075	0.999908079202	0.999898880743	0.999874588384	0.999822453533	0.999750006975	0.999571174575
60-61	0.99985554454	0.999924236389	0.999924385801	0.999918685448	0.999908881549	0.999890264836	0.999844183101	0.999776233922	0.999611858013
61-62	0.999872943938	0.999931301163	0.999931057642	0.999925402737	0.999917215553	0.999903764003	0.999860612774	0.999804134929	0.999643745031
62-63	0.9998867016	0.999938731357	0.999938133838	0.999934241275	0.999925549558	0.999916392256	0.999880222384	0.999822549594	0.999677831155
63-64	0.999895603617	0.999945552518	0.999944401325	0.999940605023	0.999934439163	0.999924230482	0.999896652057	0.999835942078	0.999704220412
64-65	0.999908147369	0.999951155614	0.999949051396	0.999945201063	0.999941661967	0.999934245993	0.999907251846	0.999853798722	0.999729510116
65-66	0.999913812289	0.99995748955	0.999954914529	0.999950504186	0.999948329171	0.999942084219	0.999916791656	0.999869423286	0.999751501164
66-67	0.999924737492	0.999962361808	0.999959766777	0.999953686059	0.999957774376	0.999946438789	0.999921561561	0.99988560587	0.999775691316
67-68	0.999932830234	0.999967599485	0.999965427733	0.999956867933	0.999961663578	0.999950793359	0.999927391445	0.999896766273	0.999803180125
68-69	0.99994051834	0.999971131872	0.999969471273	0.99996075689	0.999967219582	0.999955583386	0.999936401266	0.999907926676	0.999830668935
69-70	0.999945778623	0.999973689807	0.999973110459	0.999963938764	0.999969997583	0.999959067042	0.999941171171	0.99992410926	0.999844963116
70-71	0.999950229632	0.999976491356	0.999976143114	0.999965706471	0.999972219984	0.999962550698	0.999949651002	0.999933595603	0.999855958639
71-72	0.999954276003	0.999978927484	0.999979175769	0.999968888345	0.999974442386	0.999966469811	0.999956540865	0.999939175804	0.99987025282
72-73	0.9999575131	0.999980510968	0.999980995362	0.999972423761	0.999976109187	0.999971695295	0.99996131077	0.999946988086	0.999880148791
73-74	0.99996034556	0.999983068904	0.999982410601	0.999975959176	0.999979998389	0.999973437123	0.999966080675	0.999952010268	0.999891144315
74-75	0.999963987294	0.999984774194	0.99998382584	0.999978433967	0.999984443191	0.999976920779	0.999967670643	0.999955358388	0.999904338944
75-76	0.999968438303	0.999986114065	0.999986049787	0.999980201674	0.999984443191	0.999979098064	0.99997085058	0.999958706509	0.999915334467
76-77	0.999972080037	0.999987453936	0.999988071557	0.999982676465	0.999984998792	0.999982146263	0.999974030517	0.99996149661	0.999928529096
77-78	0.999974912497	0.999989159226	0.999989486796	0.999984444173	0.999986665593	0.99998258172	0.999978270432	0.999967076811	0.999932927305
78-79	0.999976935683	0.999990620903	0.999991306389	0.99998621188	0.999988332393	0.999984759005	0.999979860401	0.999970424932	0.999940624172
79-80	0.999978149594	0.999991838968	0.999992317274	0.999987626046	0.999989443594	0.999986065376	0.999984630306	0.999975447114	0.999948321039
80-81	0.99998017278	0.999992691613	0.999993530336	0.999988686671	0.999989999194	0.99998693629	0.999987810243	0.999976563154	0.999950520143
81-82	0.999981386691	0.999993300645	0.999993530336	0.999990454379	0.999991110395	0.999988678118	0.999987810243	0.999979353255	0.9999538188
82-83	0.999982600603	0.99999415329	0.999993732513	0.99999080792	0.999991110395	0.999989984489	0.999987810243	0.999982143355	0.999959316562
83-84	0.999984219151	0.999994762323	0.999994136867	0.999991515003	0.999992777196	0.999990419946	0.99999046019	0.999983259396	0.999960416115
84-85	0.999985433063	0.999995127742	0.999994945575	0.999992575628	0.999993332796	0.99999129086	0.99999046019	0.999984933456	0.999965913876
85-86	0.999986646974	0.999995980387	0.999995552106	0.999993989794	0.999993332796	0.999992597231	0.999992050158	0.999984933456	0.999968112981
86-87	0.999987860886	0.999996467613	0.99999595646	0.999994696877	0.999994443997	0.999993903602	0.999993640127	0.999984933456	0.999970312086
87-88	0.99998867016	0.999996589419	0.999996562991	0.999995050419	0.999994999597	0.999994339059	0.999994170116	0.999986607517	0.999971411638
88-89	0.999989884071	0.999997198452	0.999996967345	0.99999540396	0.999995555198	0.999994774516	0.999995230095	0.999988281577	0.9999769094
89-90	0.999990693346	0.999997442065	0.999996967345	0.999995757502	0.999995555198	0.99999564543	0.999995760084	0.999988281577	0.99998130761
90-91	0.999990693346	0.999998051097	0.999997169522	0.999996111043	0.999995555198	0.99999564543	0.999996820063	0.999988839597	0.99998130761
91-92	0.999990693346	0.999998172903	0.999997371699	0.999996111043	0.999995555198	0.999997387258	0.999997880042	0.999991071678	0.999982407162
92-93	0.999991097983	0.999998416516	0.999997371699	0.999996818126	0.999995555198	0.999997822715	0.999997880042	0.999991629698	0.999985705819
93-94	0.999991097983	0.999998416516	0.999997371699	0.999997171668	0.999996110798	0.999998258172	0.999997880042	0.999992187718	0.999986805372
94-95	0.999992311894	0.999998538323	0.999997776053	0.999997171668	0.999996666398	0.999998693629	0.999998410032	0.999993861778	0.999989004476
95-96	0.999993930443	0.999998781936	0.999997776053	0.999997171668	0.999997221998	0.999998693629	0.999998940021	0.999993861778	0.999990104029
96-97	0.999994739717	0.999998903742	0.999997776053	0.999997878751	0.999997221998	0.999998693629	0.999998940021	0.999994419799	0.999991203581
97-98	0.999995548991	0.999998903742	0.999997776053	0.999997878751	0.999997777599	0.999998693629	0.999998940021	0.999995535839	0.999991203581
98-99	0.999996358266	0.999999147355	0.99999797823	0.999998232292	0.999997777599	0.999999564543	0.999998940021	0.999995535839	0.999992303133
99-100	0.99999716754	0.999999390968	0.999998180407	0.999998232292	0.999997777599	0.999999564543	0.999998940021	0.999996093859	0.999993402686
100-101	0.99999716754	0.999999390968	0.999998382584	0.999998232292	0.999998333199	0.999999564543	0.999998940021	0.999996093859	0.999994502238
101-102	0.999997572177	0.999999390968	0.999998382584	0.999998232292	0.999998888799	0.999999564543	0.999998940021	0.999996093859	0.999994502238
102-103	0.999997976814	0.999999390968	0.999998584761	0.999998939375	0.999998888799	1.0	0.999998940021	0.999996093859	0.999994502238
103-104	0.999997976814	0.999999390968	0.999998786938	0.999998939375	0.999998888799	1.0	0.999998940021	0.999996651879	0.999995601791
104-105	0.999998381451	0.999999390968	0.999998989115	0.999998939375	0.999998888799	1.0	0.999998940021	0.999996651879	0.999995601791
105-106	0.999998381451	0.999999390968	0.999998989115	0.999999292917	0.999998888799	1.0	0.999998940021	0.999996651879	0.999995601791
106-107	0.999998381451	0.999999390968	0.999998989115	1.0	0.999998888799	1.0	0.999998940021	0.999997209899	0.999995601791
107-108	0.999998381451	0.999999512774	0.999998989115	1.0	0.999998888799	1.0	0.999999470011	0.999997209899	0.999995601791
108-109	0.999998786089	0.999999512774	0.999998989115	1.0	0.999998888799	1.0	0.999999470011	0.999997767919	0.999995601791
109-110	0.999998786089	0.999999634581	0.999999191292	1.0	0.999998888799	1.0	0.999999470011	0.999997767919	0.999995601791
110-111	0.999998786089	0.999999756387	0.999999393469	1.0	0.999998888799	1.0	0.999999470011	0.999997767919	0.999996701343
111-112	0.999998786089	0.999999756387	0.999999797823	1.0	0.999998888799	1.0	0.999999470011	0.99999832594	0.999997800895
112-113	0.999998786089	0.999999756387	0.999999797823	1.0	0.999998888799	1.0	0.999999470011	0.99999832594	0.999998900448
113-114	0.999998786089	0.999999756387	0.999999797823	1.0	0.999998888799	1.0	0.999999470011	0.99999888396	0.999998900448
114-115	0.999999190726	0.999999756387	0.999999797823	1.0	0.999998888799	1.0	0.999999470011	0.99999888396	0.999998900448
115-116	0.999999190726	0.999999756387	0.999999797823	1.0	0.999998888799	1.0	0.999999470011	0.99999944198	0.999998900448
116-117	0.999999190726	0.999999756387	0.999999797823	1.0	0.999998888799	1.0	0.999999470011	0.99999944198	0.999998900448
117-118	0.999999190726	0.999999756387	0.999999797823	1.0	0.999998888799	1.0	0.999999470011	0.99999944198	0.999998900448
118-119	0.999999190726	0.999999878194	0.999999797823	1.0	0.9999994444	1.0	0.999999470011	0.99999944198	0.999998900448
119-120	0.999999190726	0.999999878194	0.999999797823	1.0	1.0	1.0	0.999999470011	0.99999944198	0.999998900448
120-121	1.0	1.0	0.999999797823	1.0	1.0	1.0	0.999999470011	0.99999944198	0.999998900448
121-122	1.0	1.0	0.999999797823	1.0	1.0	1.0	0.999999470011	0.99999944198	0.999998900448
122-123	1.0	1.0	0.999999797823	1.0	1.0	1.0	0.999999470011	0.99999944198	0.999998900448
123-124	1.0	1.0	0.999999797823	1.0	1.0	1.0	0.999999470011	0.99999944198	0.999998900448
124-125	1.0	1.0	0.999999797823	1.0	1.0	1.0	0.999999470011	0.99999944198	0.999998900448
125-126	1.0	1.0	0.999999797823	1.0	1.0	1.0	0.999999470011	0.99999944198	0.999998900448
126-127	1.0	1.0	0.999999797823	1.0	1.0	1.0	1.0	1.0	0.999998900448
127-128	1.0	1.0	0.999999797823	1.0	1.0	1.0	1.0	1.0	0.999998900448
128-129	1.0	1.0	0.999999797823	1.0	1.0	1.0	1.0	1.0	0.999998900448
129-130	1.0	1.0	0.999999797823	1.0	1.0	1.0	1.0	1.0	0.999998900448
130-131	1.0	1.0	0.999999797823	1.0	1.0	1.0	1.0	1.0	0.999998900448
131-132	1.0	1.0	0.999999797823	1.0	1.0	1.0	1.0	1.0	0.999998900448
132-133	1.0	1.0	0.999999797823	1.0	1.0	1.0	1.0	1.0	1.0
133-134	1.0	1.0	0.999999797823	1.0	1.0	1.0	1.0	1.0	1.0
134-135	1.0	1.0	0.999999797823	1.0	1.0	1.0	1.0	1.0	1.0
135-136	1.0	1.0	0.999999797823	1.0	1.0	1.0	1.0	1.0	1.0
136-137	1.0	1.0	0.999999797823	1.0	1.0	1.0	1.0	1.0	1.0
137-138	1.0	1.0	0.999999797823	1.0	1.0	1.0	1.0	1.0	1.0
138-139	1.0	1.0	0.999999797823	1.0	1.0	1.0	1.0	1.0	1.0
139-140	1.0	1.0	0.999999797823	1.0	1.0	1.0	1.0	1.0	1.0
140-141	1.0	1.0	0.999999797823	1.0	1.0	1.0	1.0	1.0	1.0
141-142	1.0	1.0	0.999999797823	1.0	1.0	1.0	1.0	1.0	1.0
142-143	1.0	1.0	0.999999797823	1.0	1.0	1.0	1.0	1.0	1.0
143-144	1.0	1.0	0.999999797823	1.0	1.0	1.0	1.0	1.0	1.0
144-145	1.0	1.0	0.999999797823	1.0	1.0	1.0	1.0	1.0	1.0
145-146	1.0	1.0	1.0	1.0	1.0	1.0	1.0	1.0	1.0
146-147	1.0	1.0	1.0	1.0	1.0	1.0	1.0	1.0	1.0
147-148	1.0	1.0	1.0	1.0	1.0	1.0	1.0	1.0	1.0
148-149	1.0	1.0	1.0	1.0	1.0	1.0	1.0	1.0	1.0
149-150	1.0	1.0	1.0	1.0	1.0	1.0	1.0	1.0	1.0
